
1929216
1929216
1929216
1929216
1929216
1929216
1929216
1929216
1929216
1929216
1929216
1929216
1929216
1929216
1929216
1929216
1929216
1929216
1929216
1929216
1929216
1929216
1929216
1929216
1929216
1929216
1929216
1929216
1929216
1929216
2015232
2015232
2015232
2015232
2015232
2015232
2015232
2015232
2015232
2015232
2015232
2015232
2015232
2015232
2015232
2015232
2015232
2015232
2015232
2015232
2015232
2015232
2015232
2015232
2015232
2015232
2015232
2015232
2015232
2015232
2015232
2015232
2015232
2064384
2064384
2064384
2064384
2064384
2064384
2064384
2064384
2064384
2064384
2064384
2064384
2064384
2064384
2064384
2064384
2064384
2064384
2064384
2064384
2064384
2064384
2064384
2064384
2064384
2064384
2064384
2064384
2064384
2170880
2109440
2109440
2109440
2109440
2109440
2109440
2109440
2109440
2109440
2109440
2109440
2109440
2109440
2109440
2109440
2109440
2109440
2109440
2109440
2109440
2109440
2109440
2109440
2109440
2109440
2109440
2109440
2121728
2121728
2121728
2121728
2121728
2121728
2121728
2121728
2121728
2121728
2121728
2121728
2121728
2121728
2121728
2121728
2121728
2121728
2121728
2121728
2121728
2121728
2121728
2121728
2121728
2121728
2121728
2121728
2121728
2121728
2121728
2285568
2285568
2285568
2285568
2285568
2285568
2285568
2285568
2285568
2285568
2285568
2285568
2285568
2285568
2285568
2285568
2285568
2285568
2285568
2285568
2285568
2285568
2285568
2285568
2285568
2285568
2285568
2285568
2285568
2449408
2449408
2449408
2449408
2449408
2449408
2449408
2449408
2449408
2449408
2449408
2449408
2449408
2449408
2449408
2449408
2449408
2449408
2449408
2449408
2449408
2449408
2449408
2449408
2449408
2449408
2449408
2449408
2449408
2449408
2674688
2674688
2674688
2674688
2674688
2674688
2674688
2674688
2674688
2674688
2674688
2674688
2674688
2674688
2674688
2674688
2674688
2674688
2674688
2674688
2674688
2674688
2674688
2674688
2674688
2674688
2674688
2760704
2686976
2686976
2686976
2686976
2686976
2686976
2686976
2686976
2686976
2686976
2686976
2686976
2686976
2686976
2686976
2686976
2686976
2686976
2686976
2686976
2686976
2686976
2686976
2686976
2686976
2686976
2686976
2686976
2691072
2691072
2691072
2691072
2691072
2691072
2691072
2691072
2691072
2691072
2691072
2691072
2691072
2691072
2691072
2691072
2691072
2691072
2691072
2691072
2691072
2691072
2691072
2691072
2691072
2691072
2691072
2691072
2760704
2682880
2682880
2682880
2682880
2682880
2682880
2682880
2682880
2682880
2682880
2682880
2682880
2682880
2682880
2682880
2682880
2682880
2682880
2682880
2682880
2682880
2682880
2682880
2682880
2682880
2682880
2682880
2682880
2695168
2695168
2695168
2695168
2695168
2695168
2695168
2695168
2695168
2695168
2695168
2695168
2695168
2695168
2695168
2695168
2695168
2695168
2695168
2695168
2695168
2695168
2695168
2695168
2695168
2695168
2695168
2695168
2707456
2707456
2707456
2707456
2707456
2707456
2707456
2707456
2707456
2707456
2707456
2707456
2707456
2707456
2707456
2707456
2707456
2707456
2707456
2707456
2707456
2707456
2707456
2707456
2707456
2707456
2707456
2707456
2707456
2756608
2756608
2756608
2756608
2756608
2756608
2756608
2756608
2756608
2756608
2756608
2756608
2756608
2756608
2756608
2756608
2756608
2756608
2756608
2756608
2756608
2756608
2756608
2756608
2756608
2756608
2756608
2756608
2752512
2752512
2752512
2752512
2752512
2752512
2752512
2752512
2752512
2752512
2752512
2752512
2752512
2752512
2752512
2752512
2752512
2752512
2752512
2752512
2752512
2752512
2752512
2752512
2752512
2752512
2752512
2752512
2752512
2777088
2764800
2764800
2764800
2764800
2764800
2764800
2764800
2764800
2764800
2764800
2764800
2764800
2764800
2764800
2764800
2764800
2764800
2764800
2764800
2764800
2764800
2764800
2764800
2764800
2764800
2764800
2764800
2764800
2764800
2928640
2928640
2928640
2928640
2928640
2928640
2928640
2928640
2928640
2928640
2928640
2928640
2928640
2928640
2928640
2928640
2928640
2928640
2928640
2928640
2928640
2928640
2928640
2928640
2928640
2928640
2928640
2928640
2928640
3145728
2953216
2940928
2940928
2940928
2940928
2940928
2940928
2940928
2940928
2940928
2940928
2940928
2940928
2940928
2940928
2940928
2940928
2940928
2940928
2940928
2940928
2940928
2940928
2940928
2940928
2940928
2940928
2940928
3055616
2928640
2928640
2928640
2928640
2928640
2928640
2928640
2928640
2928640
2928640
2928640
2928640
2928640
2928640
2928640
2928640
2928640
2928640
2928640
2928640
2928640
2928640
2928640
2928640
2928640
2928640
2928640
2928640
2928640
2945024
2945024
2945024
2945024
2945024
2945024
2945024
2945024
2945024
2945024
2945024
2945024
2945024
2945024
2945024
2945024
2945024
2945024
2945024
2945024
2945024
2945024
2945024
2945024
2945024
2945024
2945024
2945024
2945024
2945024
3186688
2969600
2953216
2953216
2953216
2953216
2953216
2953216
2953216
2953216
2953216
2953216
2953216
2953216
2953216
2953216
2953216
2953216
2953216
2953216
2953216
2953216
2953216
2953216
2953216
2953216
2953216
2953216
2965504
2965504
2965504
2965504
2965504
2965504
2965504
2965504
2965504
2965504
2965504
2965504
2965504
2965504
2965504
2965504
2965504
2965504
2965504
2965504
2965504
2965504
2965504
2965504
2965504
2965504
2965504
2965504
2965504
3047424
2969600
2969600
2969600
2969600
2969600
2969600
2969600
2969600
2969600
2969600
2969600
2969600
2969600
2969600
2969600
2969600
2969600
2969600
2969600
2969600
2969600
2969600
2969600
2969600
2969600
2969600
2969600
2969600
2977792
2977792
2977792
2977792
2977792
2977792
2977792
2977792
2977792
2977792
2977792
2977792
2977792
2977792
2977792
2977792
2977792
2977792
2977792
2977792
2977792
2977792
2977792
2977792
2977792
2977792
2977792
2977792
2977792
2977792
2977792
2977792
2977792
2977792
2977792
2977792
2977792
2977792
2977792
2977792
2977792
2977792
2977792
2977792
2977792
2977792
2977792
2977792
2977792
2977792
2977792
2977792
2977792
2977792
2977792
2977792
2977792
2977792
3100672
3100672
3100672
3100672
3100672
3100672
3100672
3100672
3100672
3100672
3100672
3100672
3100672
3100672
3100672
3100672
3100672
3100672
3100672
3100672
3100672
3100672
3100672
3100672
3100672
3100672
3100672
3100672
3461120
3100672
3100672
3100672
3100672
3100672
3100672
3100672
3100672
3100672
3100672
3100672
3100672
3100672
3100672
3100672
3100672
3100672
3100672
3100672
3100672
3100672
3100672
3100672
3100672
3100672
3100672
3100672
3100672
3100672
3100672
3182592
3096576
3096576
3096576
3096576
3096576
3096576
3096576
3096576
3096576
3096576
3096576
3096576
3096576
3096576
3096576
3096576
3096576
3096576
3096576
3096576
3096576
3096576
3096576
3096576
3096576
3096576
3096576
3096576
3100672
3100672
3100672
3100672
3100672
3100672
3100672
3100672
3100672
3100672
3100672
3100672
3100672
3100672
3100672
3100672
3100672
3100672
3100672
3100672
3100672
3100672
3100672
3100672
3100672
3100672
3100672
3100672
3100672
3104768
3104768
3104768
3104768
3104768
3104768
3104768
3104768
3104768
3104768
3104768
3104768
3104768
3104768
3104768
3104768
3104768
3104768
3104768
3104768
3104768
3104768
3104768
3104768
3104768
3104768
3104768
2424832
2408448
